465.59 367.33 3396.42 7.29 12.29 5033.37 8.22 144.48 3488.54 413.59 3.08 7777.19 380.99 5.15 33.34 2.96 4.53 98.3 0.93 72.36 0.69 3.66 773.37 5543.13 47.49 700.4 2.69 598.68 36.22 556.12 7214.87 992.12 4461.62 9545.5 9668.09 90.2 3693.66 73.09 2.46 98.51 5393.58 467.0 7.19 81.74 367.71 523.45 188.04 834.62 8924.14 1415.92
24.27 74.78 586.85 8.73 73.51 15.93 762.69
0.21 562.52 3.51 969.19 8.78 10.53 2459.49 498.97 50.93 22.64 787.28 1.45 651.38 5.98 762.48 2.76 9.56 6.94 52.24 59.67 5.37
7767.57 4933.62 225.44 5.93 5844.0 5.41 1423.06
7.35 0.92 3.95 45.9 9383.58 6.93 32.71 8156.89 2.94 0.01 1.37 8.35 1.13
9283.34 0.99 65.48 2.24 2793.76 58.76 323.74 993.9 9.81 573.52 163.51 862.19 474.4 184.96 88.05 927.87 42.04 27.31
6.33 31.62 671.68 9262.82 6.94 26.59 3.06 74.54 52.08 547.12 65.34 347.34 658.19 9.75 390.28 95.43 791.06 550.16 6907.11 61.23 9997.56 26.04 55.79 7.02 5610.12 7.63 64.48 61.93 1.91 92.48 4281.13 48.41 94.51 18.17
1.92 10.58 4547.3 3160.14 7536.04 1217.5 12.91 7.37 245.78 735.29 568.72 0.47 677.23 0.91 342.66 337.3 8.59 99.81 27.59 8.94 9542.74 278.01 4374.21 74.82 8641.14 490.81 7043.43 22.6 5168.55 21.53
321.58 8.42 6.79 86.29 8595.79 4466.15 6.41 554.06 18.29 5680.52 2000.08 8.35 2.2 7.82 63.96 6316.27 25.53 750.79 3.09
7783.7 5.58 457.63 3.3 1.7 75.97 17.97 419.84 732.57 939.93 5.88 0.5 13.88 568.51 9081.25 35.34 4.13 379.07 22.49 1266.39 619.06 48.03 32.51 17.82 8016.33 281.19
5.47 62.36 7.52 233.36 54.29 6.71 863.98 9.97 423.73 1130.16 1.47 528.72 5660.53 5.52 72.43 39.0 295.82 2504.94 752.67 591.75 6759.22 490.29 56.16 10.0 3.94
1.19 6730.16 3998.25 70.5 5.94 3714.16 2.9 16.27 20.4 549.7 5.54 846.0 73.01 1292.06 333.37 4328.52 835.24 5.13 36.49 58.12
8.37 57.33 9.33 388.68 736.35 2661.37 65.35 7.87 8.46 4.22 425.2 6.62 5.34 86.89 30.98 582.27 83.2 64.62 969.27 716.4 2537.34 16.06 2670.48 6.74 4.01 21.74 359.85 5.19 1.77 41.94 9.06 366.68 875.65 1.65 8961.02 234.4 7.88 66.26 8.43 849.69 52.08 5966.59 57.92 0.87 9369.81 61.55 7246.87 1578.49
9.46 0.47 4987.69 116.86 1.91 375.85 2790.92 51.26 77.01 409.73 3220.0 2.51 994.85 4.23 42.05 9.52 4101.05 644.07
1.42 5249.79 8570.13 82.6 382.67 14.17 3889.5 47.38 2.01 5701.29 484.71 10.91 34.76
27.14 524.2 69.88 850.53 7522.44 740.17 3.24 1.55 9.3 9080.28
1.9 0.65 1.0 1057.61 535.38 82.91 1331.98 9.67 2617.75 841.01 3649.97 37.48 6.92 471.5 72.1 766.28 3360.19 4.66 4.7 5.5 728.02
35.14 35.54 2312.64 3596.31 8.5 2.97 4325.46 28.93 92.68 7204.32 66.24 61.18 213.46
5726.21 7973.56 8.68 161.57 28.67 4525.58 5.88 3.14 8687.36 5897.27 42.73 7.22 435.11 871.45 1579.62 1296.8 4.48 1889.54 3351.64 7.65 6.54 7727.56 10.79 4.02 3516.82 72.61 3135.19
68.11 754.25 67.65 707.52 79.19 85.78 5.39 2.22 6.98 0.73 36.82 8615.34 97.33 7.29 891.75 784.62 9565.63 5787.86 74.12 4655.2 9496.04 16.37 181.94 3784.35 110.29 4145.19 460.65 861.84
2109.0 815.55 60.78 3707.76 3699.89 7.35 4.66 7.87 7601.98 108.12 666.01 4.76 167.1 3363.75 4.96 32.19 5.21 54.62 9379.45 5.66 673.78
8.6 457.5 3915.16 4.05 3690.27 8449.81 14.87 4301.48 2055.17 1040.63 3.97
13.61 7.07 925.09 91.22 54.9 66.62 741.03 8573.43 4.65 331.58 7499.03 53.27 6.42 5886.91 2.99 620.21 0.83 882.13 6.94 3066.08 9.05 72.66 3759.41 649.9 27.05 0.18 287.95 58.67 875.66 12.81 1688.18 31.97 4029.54 3.73 2898.58 0.59 4933.52 3.94 9.01 59.52 0.45 6805.05 7783.55 92.35 9.64
17.03 5.44 57.99 620.97 6542.55 9932.15 1227.14 2725.19 7281.92 51.5 0.42 0.18 197.68 683.55 7573.86 2500.36 60.78 0.22 240.85 6.38 9.38 88.85 8.54
15.52 4943.41 9585.58 2.51 9246.1 56.22 424.5 2297.81 1.74 9.59 751.24 7.37 8286.14 2.42 503.99 7.02 925.1 43.9 3.17 6171.58 4986.11 830.62 3.75 903.45 7275.41 1.0 2717.78 17.27 8328.82 74.24
2.92 8.64 7228.33 7.71 3.94 26.0 4730.27 3.13 9088.93 89.45 1.33 2625.49 1.45 5355.45 99.84 252.9 7.59 28.0 61.39 46.24 57.03 2.75 1503.42 4.08 844.45 60.77 6.99 3355.92 475.94 32.59 344.51 6486.25 784.59 847.41 18.88 4.96 3137.83 91.36 735.97 5404.51 63.77 960.8
5.43 4887.47 1.21 1703.0 9615.2 292.96 4.18
3.13 6.09 5577.06 7921.01 591.05 4.05 0.22 5.24 13.43 8105.48 5672.66 607.12 31.01 27.78 5.07 5.0
1798.04 2.94 14.33 65.1 9.59 9438.15 40.89 772.37 4875.6 9.42 4.94 4562.91 479.4 1756.51 374.04 3005.82 5.63 9967.52 5.56 4428.38 554.3 23.6 71.44 277.41 2.14 2619.49 73.66 3000.14 15.56 138.17 9.53 0.96 85.06 5547.76 9.68 9.77 636.44 242.65 8.92 2.11 102.11 844.21 1.28 5356.13 3.39
717.62 49.97
10.45 784.01 433.79 982.67 4807.91 193.47 604.65 6.86 8236.08 347.74 5.89 487.12 9.0 793.89 8.76 5.48 8.93 25.39 9.6 5097.92 529.69 7.09 32.54 2923.53 567.92 0.8 787.86 438.55 83.21 237.06 46.37 231.4 1.89 916.73 7227.48 371.84 608.85 97.41 321.8 90.36 3.8 5712.98 216.07 29.9
168.25 7.22 91.42 0.69 96.87 1.31 7.65 19.43 0.92 259.41 96.01 27.16 38.71 0.92 31.22 995.11 627.71 7817.71 39.51 28.22 36.36 947.84 473.8 9.12 1.33 939.5 408.85 29.16 96.79 8.23 6256.03 915.5 391.3 7712.02 8.07 176.33
2347.73 0.68 886.78 6.73 72.97 49.4 48.8 352.17 168.51 569.78 5.55 5.22 628.52 8.72 33.21 6270.74 7.97 40.41 9.46 94.71 231.03 1.11 61.73 654.55 9158.01
3915.35 7492.46 26.73 703.55 665.02 22.42
3.72 5.46 2829.15 6.2 2.45 2565.31 744.67 2281.38 8.43 441.16 867.51 9.94 9.46 182.58 299.97 769.44 9.51 9.49 9856.99 9.63 8.77 36.32 44.52 5.49 7.65 4.15 50.46 2.57 7.72 81.8 74.53 81.43 50.89 39.64 813.35 10.0 0.64 283.0 58.45 849.68 46.2 4424.61 8460.71 336.04 78.24
81.12 3.69 772.4 47.61 1.85 6618.81 625.91 53.87 33.35 1.74 717.71 3.87 4390.1 3.0 6.45 99.78 3001.27 428.22 657.47 5903.24 1422.94 138.54 4.87 164.48 5.34 22.51 61.22 7534.83 4474.53 335.83 5.29 60.09 50.34 3617.84
67.64 5.27 56.51 821.03 15.21
21.56 6028.55 0.64 2711.59 663.54 336.17 3.27 44.37 3988.11 5592.84 7513.39
57.17 16.2 83.97 7084.95 842.17 78.67 562.57 1772.15 31.87 41.04 7474.31 432.96 9297.09 4.26 9374.01 8.0 96.51 0.27 363.86 8.54 3.26 53.13 16.32 33.62 6805.54 32.84 22.33 7.1 7.03 762.97 671.75 7582.9 147.79 6862.5 58.46 59.02 1.91
10.97 9.08 58.01 790.81 820.22 53.75 45.98 5.32 32.68
57.4 60.65 402.63 481.21 8.93 4.35 1406.75 992.46 50.65 950.64 283.51 3.08 988.37 2526.82 64.33 5241.99 8456.07 21.5 38.98 27.74 808.62 9.44 9536.78 1.54 8823.69 581.69 55.59 3.52 69.08 3625.51 5.9 2241.17 6315.35 579.88 5636.97 76.61 25.9 90.17 4983.99 89.41
768.57 45.12 6903.89 5.14 39.11 6.45 332.35 47.74 6513.57 25.04 3808.57 473.93 213.84 9346.15 1.06 622.32 7.2 0.54 5.22 128.06 4.49 91.82 9091.29 969.26 98.36
7526.91 5316.2 786.29 641.6 5390.52 503.26 697.14 902.54 2.09 454.67 5.16
27.68 3928.31 16.58 569.54 40.04 700.01 3.5 561.47 1658.45 596.38 251.18
0.58 44.74 13.37 334.02 248.5 42.01 36.76 4.86 631.04 3492.01 7296.25 0.58 514.71 1532.68 4.02 1.28 6.65 8377.26 7223.99 4495.58 849.15 422.41 927.83 953.73 47.51 6023.48 0.57 3431.62
3.45 4117.58 3660.29 5899.04 6790.21 2322.02 6067.41 28.21 844.83 529.74 623.75 433.78 7.89 4144.31 0.99 99.82 31.29 2.7 0.63 1719.81 546.1 83.07 5116.85
59.51 88.63 2488.31 9.66 477.02 244.12 67.47 24.5
3.29 52.94 59.54 54.58 2379.45 402.5 985.53 401.1 247.29 9.35 94.61 8.06 0.11 3.66 64.26 7395.9 26.15 1238.36 2.07 995.52 974.03 879.53 4.1
58.42 14.23 811.67 5.38 5.89 1.9 5.99 1.43 70.55 783.31
721.66 7.95 657.0 5.46 556.93 315.68 14.71 7.76 8700.84 8.22 35.26 9.9 28.82 8.21 510.23 6.55 8.41 81.61 86.28 6597.75 38.84 4430.99 884.36 24.4 1.77 41.17 4.39 124.51 16.6 86.57 5.71 72.75 6.36 37.64 84.54 9.02 30.48 530.92 4890.18 11.39 6166.74 642.84 2.3
6018.3 3838.4 3.96 0.9 40.99 2.51 9.2 53.57 4.3 4013.66 419.7 6.44 5.25 52.75 63.25 8511.83 784.37 9434.13 5.91 23.09 27.37 4429.16 5596.77 95.18
45.61 0.69 4.49 196.69 247.9 348.58 2049.18 39.21 5.28 5.44 7641.02 3700.51 6232.87 69.62 24.05 9.22 644.78 4.95 7806.18 111.08 2377.3 9896.68 4302.03 2.81 34.37 5698.05 72.85 4952.53 62.25 193.74 559.61 7265.79 97.66 175.03 278.21 23.74 24.73 47.43 4642.99 8441.44 9.99 27.22 6653.5 637.78 792.59 4.32 7.51
315.1 71.81 87.87 2754.43 188.55 552.53 5.12 9.53 38.15 348.56 70.85 370.5 4893.06 651.27 1.85 391.0 0.1 88.75 15.63 710.3 2775.57 23.66 4567.15 153.21 7.6 10.52 0.32 8.76 9.96 708.97 6.78 137.0 6034.51 291.85 6863.26 221.52 8554.91 48.77 6532.4 155.66 2.37 318.29 318.04 6.61 76.97 6.45 5.71 9380.92 134.98
213.52 489.48 31.66 6.46 389.12 8.45 367.9 520.34 4.45 889.92 321.4 8122.93 50.2 904.6 88.56 8.73 1.4 4926.09 3767.85 549.33 64.63 99.32 0.62 824.14 515.11 7073.7 3929.19 13.96 8738.9 65.98 8924.85 89.61 737.88 4614.91 7.94 6409.09 1581.53 150.33 59.96 91.95 2884.28 4538.95
5478.6 6453.93 886.53 216.87 20.94 8015.67 96.81 4.51 6.42 7.57 2.94 7351.25 6.11 16.12 0.16 2.98 870.13 18.55 59.94 27.21 0.67 984.79 9.39 252.17 3.95 61.75 52.18 4.91
20.47 77.01 2765.5 1075.54 2825.93 1.41 0.74 43.79 2.73 3139.9 987.95 978.47 9924.92 256.81 215.07 3.51 585.17 4071.75 589.27 7.37
3.61 664.84 6.22 513.53 39.64 239.85 8.6
4.83 5.74 1107.55 97.67 317.98 92.07 230.0 865.31 27.08 839.86 4182.52 7540.02 790.27 769.77 134.97 832.26 2.66 193.41 5.6 31.68 4.96
1.74 7.72 99.07 9.51 9.87 2.19 5355.39 37.08 963.87 49.36 0.46 403.32 954.79 459.75 88.88 345.94 7433.11 328.85 7556.88 1.74 24.29 9516.33 6.43 8362.75 7.99 6815.77 799.74 554.39 9553.07 32.3 61.43 27.32 17.13 4433.79 316.93 27.61 70.28
2.48 4566.19 49.99 7095.69 9.4 70.26 81.22 6869.5 503.35 4385.24
6551.82 3.46 554.43 90.65 6.8 8.38 4.28 5.86
981.6 925.44 93.46 3.35 619.93 8.95 3368.78 280.5 82.05 263.99 17.47 6.57 45.59 1.88 783.47 660.5 2807.52 224.62 3.48
633.47 31.65 7.09 45.83 7189.98 5250.28 451.16 116.57 48.16 86.24 1.99 81.57 0.75 55.65 537.5 5.46
550.36 835.66 81.21 27.62 0.35 5.89 3.5 8.31 823.9 888.36 8.33 94.78 86.4 12.53 52.64 4.46 44.96 4.35 411.79 3635.68 4.34 1039.49 1008.38 7.66 8.9 322.54 7430.99 8881.12 8.32 9449.52 463.91 7.48 6.85 666.86 4.83 6.58 9.64 3450.94 1.85 2.34 3192.07
4.86 929.56 95.94 7.16 148.72 23.02 1728.76 9.45 3105.87 8983.25 944.38 95.07 439.37 4.65 49.05 3.71 5.93 5.4 389.54 164.12 1.6 18.44 89.67 5.47 6.12 6682.78 168.6 9.2 717.64 985.66 696.52 5494.29 482.86 323.18 2218.43 1306.62 2779.79 5.31 4050.67 0.99 4835.81 0.8 59.82 5.44 73.98 4537.26 67.19 884.31
212.69 6220.66 4.54 2.42 4480.83
2108.73 630.37
398.03 675.98 4226.68 102.59 79.39 5.04 3087.45
4239.46 29.17 7.71 6244.88 6462.56 481.1 1.98 70.97 175.46 6616.83 8723.69 2.75 43.68 34.93 69.05 592.06 341.12 17.75 6.87
331.01 49.49 27.49 6.75 766.4 9.85 58.57 62.09 7976.86 13.22 695.94 7215.72 782.34 84.66 4.46 6.6 3.87 672.14 0.12 4.18
3.35 30.36 6838.39 211.49 591.69 40.26 3.71 852.21 8937.43 1.22 799.15 9.27 10.05 1712.6 63.75 465.41 4.33 9328.46 1.45 64.5 466.26 212.86 1299.7 49.32 84.69 6192.62 975.81 31.54 7843.05 7.54 15.39 6.16 46.26 6.46 91.63 58.63 860.31 7177.12 8684.01 5.4 9.11 42.04 8178.49 72.01
8.74 5.05 527.58 6.11 827.07 105.59 42.03 3981.17 6.81 5589.34 5.3 99.88 7.62
5462.03 7.81 50.69 901.67 6440.43 41.41 607.55 55.89 6.78 1.41 9.89 1.07 1458.25 68.04 9.75 244.18 0.5 110.21 4225.95 950.95 6229.23 56.22 84.95 4667.15 82.12 791.0 9.79 329.78 5.83 8.19 3894.63 2.8 94.43 4.88 670.39 24.33 4942.19 20.26 286.98 2381.85 1.1 6329.01
6.62
25.92 1.29 30.14 59.69 582.56 32.72 4.8
5317.85 602.98 879.07 6.96 9.03 8.72 4228.59 274.7 3.02 1.3 2.41 9.14 6.9 2829.04 237.27 5976.32 37.58 92.03 7521.9 7280.35 813.48 9341.55 2.89 3.62 6307.11 9.99 5975.42 98.59 9.4 8034.65 2321.93 4.4 3.63 28.21 29.46 5639.4 144.28 5.66 8.06
347.63 77.33 7134.97 4304.37 8.18 4.64 60.14 315.14 7.69 4466.85 662.23 8.76 1975.15 70.63 50.06 505.51 4.43 93.43 77.04 42.19 117.16 0.21 939.1 39.4 1.44 2.95 8.9 24.35 2508.82 7686.16 1.08 3763.43 5897.67 5.92 4505.94 621.37 895.86 757.85 728.15 379.07 7186.54 6.03 2189.17 70.78 4.96
3.67 879.16 3.07 8.9 0.69 45.9 50.07 5760.08 2567.32 555.33 68.48 55.48 3920.38 5.27 7914.75
651.29 74.04 281.37 6.43 95.59 130.1 902.2 527.82 1.31 446.64 568.58 73.93 9.48 8425.52 9357.23
6043.75 8558.17 696.42 158.59 690.81 5381.7 968.01 868.35 7881.98 7543.86 994.46 6.85 2.02 6.32 1183.65 466.41 2366.92 572.85 4.15 2.01 9.39 598.68 2717.79 455.93 249.35 727.31 74.76 4059.99
366.17 5142.59 5320.04 1.3 52.22 0.61 5748.23 4576.68 3.5 59.27 9.27 9501.37 67.0 177.1 15.43 38.07 2.1 2242.69 398.64 71.88 3.62 329.11 2.2 7.27 49.47 5515.53 369.23 2848.44 320.34 5.44 3.65 668.7 8.55 15.72 3.72 273.25 4875.94 2711.08 2.16 842.92 4.12 5.2 8.64 882.58
45.16 4.91 2127.57 54.16 40.72 48.47
613.75 4705.94 31.89 37.97 39.76 269.17 784.98
9799.07 15.22 33.82 23.69 82.85 255.41 307.61 39.22 64.59 958.08 615.84 3.78 8.32 716.45 97.04 6929.33 604.17 693.11 2.36 3.29 6632.13 49.96 74.44 8.74 9.21 829.48 6.03 727.16
5.2 279.48 6884.11 398.04 8110.42 3.31 330.62 856.67 3183.98 747.06 28.22 8739.0 16.39 3.41 1929.88 569.93 6122.8 300.86 527.7 0.62 9.72 6757.95 75.74 410.01 889.19 48.79 6.99 6452.51 355.45 829.1 874.36 4.44 447.57 16.26 57.77 74.46 9664.65 739.42 3.68 6981.28 4750.61
28.75 393.7 72.07 66.62 2.19 32.09 19.19
36.63 685.21 9.04 46.85 8085.16 3007.07 5.02 5170.9 97.49 4218.23 3789.71 6107.65 49.15 6.73 8879.84 2.49 7639.88 485.2 76.12 6263.09 5517.15 27.01 4.28 3.19 1.3 47.1 669.28 3.88 117.98 727.18 5.58 6.99 40.29 15.1 28.38 697.72 560.78 370.88 965.82 5.49
